   250.0000    
   250.0000    
   250.0000    
   250.0000    
   275.0000    
   300.0000    
   350.0000    
   400.0000    
   437.5000    
   475.0000    
   512.5000    
   550.0000    
   587.5000    
   625.0000    
   662.5000    
   700.0000    
   737.5000    
   775.0000    
   812.5000    
   850.0000    
   887.5000    
   925.0000    
   962.5000    
   1000.000    
   1000.000    
   1000.000    
   1000.000    
   1000.000    
   1000.000    
   1000.000    
   1000.000    
   1000.000    
   1000.000    
   1000.000    
   1000.000    
   1000.000    
   1000.000    
   1000.000    
   1000.000    
   1000.000    
   1000.000    
   1000.000    
   1000.000    
   1000.000    
   1000.000    
   1000.000    
   1000.000    
   1000.000    
   1000.000    
   1000.000    
   1000.000    
   1000.000    
   1000.000    
   1000.000    
   1000.000    
   1000.000    
   1000.000    
   1000.000    
   1000.000    
   1000.000    
   1000.000    
   1000.000    
   1000.000    
   1000.000    
   1000.000    
   1000.000    
   1000.000    
   1000.000    
   1000.000    
   1000.000    
   1000.000    
   1000.000    
   1000.000    
   1000.000    
   1000.000    
   1000.000    
   1000.000    
   1000.000    
   1000.000    
   1000.000    
   1000.000    
   1000.000    
   1000.000    
   1000.000    
   1000.000    
   1000.000    
   1000.000    
   1000.000    
   1000.000    
   1000.000    
   1000.000    
   1000.000    
   1000.000    
   1000.000    
   1000.000    
   1000.000    
   1000.000    
   1000.000    
   1000.000    
   1000.000    
