 300   400   500   600   700   800   900  1000  1000  1000
1000  1000  1000  1000  1000  1000  1000  1000  1000  1000
1000  1000  1000  1000  1000  1000  1000  1000  1000  1000
1000  1000  1000  1000  1000  1000  1000  1000  1000  1000
1000  1000  1000  1000  1000  1000  1000  1000  1000  1000
1000  1000  1000  1000  1000  1000  1000  1000  1000  1000
1000  1000  1000  1000
----------------------------------------------------------
other choices:

 300   400   500   600   700   800   900  1000  1000  1000
1000  1000  1000  1000  1000  1000  1000  1000  1000  1000
1000  1000  1000  1000  1000  1000  1000  1000  1000  1000
1000  1000  1000  1000  1000  1000  1000  1000  1000  1000
1000  1000  1000  1000  1000  1000  1000  1000  1000  1000
1000  1000  1000  1000  1000  1000  1000  1000  1000  1000
1000  1000  1000  1000

 330   510   675   825   960  1080  1185  1275  1350  1410  
1455  1485  1500  1500  1500  1500  1500  1500  1500  1500 
1500  1500  1500  1500  1500  1500  1500  1500  1500  1500
1500  1500  1500  1500  1500  1500  1500  1500  1500  1500
1500  1500  1500  1500  1500  1500  1500  1500  1500  1500
1500  1500  1500  1500  1500  1500  1500  1500  1500  1500
1500  1500  1500  1500

 250   500   650   800   950  1100  1250  1400  1550  1700  
1850  2000  2000  2000  2000  2000  2000  2000  2000  2000  
2000  2000  2000  2000  2000  2000  2000  2000  2000  2000  
2000  2000  2000  2000  2000  2000  2000  2000  2000  2000  
2000  2000  2000  2000  2000  2000  2000  2000  2000  2000  
2000  2000  2000  2000  2000  2000  2000  2000  2000  2000  
2000  2000  2000  2000  

 200   300   400   500   500   500   500   500   500   500
 500   500   500   500   500   500   500   500   500   500
 500   500   500   500   500   500   500   500   500   500
 500   500   500   500   500   500   500   500   500   500
 500   500   500   500   500   500   500   500   500   500
 500   500   500   500   500   500   500   500   500   500
 500   500   500   500
