   220.0000    
   224.0000    
   228.0000    
   232.0000    
   236.0000    
   240.0000    
   242.5000    
   245.0000    
   247.5000    
   250.0000    
   252.5000    
   255.0000    
   257.5000    
   260.0000    
   262.5000    
   265.0000    
   267.5000    
   270.0000    
   271.5000    
   273.0000    
   274.5000    
   276.0000    
   277.5000    
   279.0000    
   280.5000    
   282.0000    
   283.5000    
   285.0000    
   286.5000    
   288.0000    
   289.5000    
   291.0000    
   292.0000    
   293.0000    
   294.0000    
   295.0000    
   296.0000    
   297.0000    
   298.0000    
   299.0000    
   300.0000    
   301.0000    
   302.0000    
   303.0000    
   304.0000    
   305.0000    
   306.0000    
   307.0000    
   308.0000    
   309.0000    
   310.0000    
   311.0000    
   312.0000    
   313.0000    
   314.0000    
   315.0000    
   316.0000    
   317.0000    
   318.0000    
   319.0000    
   320.0000    
   321.0000    
   322.0000    
   323.0000    
   324.0000    
   325.0000    
   326.5000    
   328.0000    
   330.0000    
   332.0000    
   334.5000    
   337.0000    
   340.0000    
   343.0000    
   346.5000    
   350.0000    
   354.0000    
   358.0000    
   362.5000    
   367.0000    
   372.0000    
   377.0000    
   382.5000    
   388.0000    
   394.0000    
   400.0000    
   406.5000    
   413.0000    
   420.0000    
   427.0000    
   435.0000    
   443.0000    
   452.5000    
   462.0000    
   473.5000    
   485.0000    
   499.0000    
   513.0000    
   530.0000    
   547.0000    
