   90.0000000000000       0.000000000000000E+000
   26.5650520324707        10.0000000000000     
   26.5650520324707        82.0000000000000     
   26.5650520324707        154.000000000000     
   26.5650520324707        226.000000000000     
   26.5650520324707        298.000000000000     
  -90.0000000000000       0.000000000000000E+000
  -26.5650520324707        46.0000000000000     
  -26.5650520324707        118.000000000000     
  -26.5650520324707        190.000000000000     
  -26.5650520324707        262.000000000000     
  -26.5650520324707        334.000000000000     
